INDEX 60916709076.

...ι-ειμι»..-

11111111111 151.

Α11111111 Β11111111 189.

1111111111 81111111111 11, 79.

1111111111 199.

111111011ιί1 0191111111 Romanae 776.

0111111111 11111111111111 919.

11111111111111156. 176.

D10 0111111 770.

1111111111111111. Rom. extra seriem

pag. 71. 76. 1 1196611. 67.

„ 1118. 767. 1 „ 151. 61.
„ 150. 50. ’
,, 166. 69.
‚‚ 111. 11.

„ 777. 76.
,‚ 776. 66.
„ 850. 66.
„ 174. 78.
,, 111151.
„ 797. 47.

1
1
1 ,, 111. 11.
1 ,, 669106.
ξ ,, 879. 17.
,. 11111. 1 1 1111111.
,, 111. 11. “ ,, 111. 11.
,, 111. 11. ,, 111. 11.
. ,, 111. 11.
. ,, 909. 11.
1 ,, 111111. 18.
Ι

,, 699. 11
,, 111. 11
,, 111. 11.
,, 111. 111. ,, 1111. 11.
‚, 1111. 11, ,, 1111. 11.
„ 111111. ,, 11111 11.
„ 111. 11. ,, 1056. 67.
„ 111. 11. ,, 1111. 11.
,, 111. 11. ‘ ,. 1111. 11.
,, 690. 11. 1 ,, 1111. 11.
,, 696. 16. · ., 1111. 11.
., 111. 76. „ 1111. 11.

 

