„ 117171
,, 1546. 14.
,, 1578158.
„ 1401. 67.

., 1111. 11.
,, 1111. 11.
,, 11111. 11.
,, 11111.111.
,, 1411. 11.
,, 1111. 1111.
„ 1111. 1.
„ 1114. 11.
,, 1111. 11.
,, 1111. 111.

,. 7011. 15.
„ 7048146.
‚, 7080. 15.
,, 7088. 67.
„ 7114. 41.
„ 7170116.
., 71110. 67.
„ 7711166.
„ 7760. 17.

,, 1691.158.
‚, 1771. 109.

9111
1111167. 16. Ι ρ1ς.1808. 151.
’ ’ 1
1
1
1

,, 1796176. , -
Tom. IV. pag. 718. 1111111. 714.
1111111111 in 1111111. 188.
1111111111 01111111 176.

Α. (1111111 719,
0.(111111111710.
Η1111111111111 141.
1111111111176.
Η11111111 44. 705.
1711111111 146.
Η1111111111 18.

1111111111 56.
1111111711.

1111111111 16.
Μ1111111111 46.
1111111111 1111111174.
Ρ1111111111118. ,
Ρ1111111111 1111111111 75.
Ρ11111 1111111111 701.
Ρ111118.
Ρ111111111146. 151.
811111111111111111111 55.
Γ1111111111 18. 154. 159.

 

